1|0|4|9|3|u|0|_|a|4|9|3
1|0|8|4|5|u|0|_|a|8|4|5
1|0|5|1|4|u|0|_|a|5|1|4
1|0|2|9|1|u|0|_|a|2|9|1
1|0|2|2|4|u|0|_|a|2|2|4
1|0|2|9|7|u|0|_|a|2|9|7
1|0|4|5|2|u|0|_|a|4|5|2
1|0|2|4|8|u|0|_|a|2|4|8
1|0|3|0|6|u|0|_|a|3|0|6
1|0|1|1|1|u|0|_|a|1|1|1
K4US4R-Mr-FF4C1AB166-2.0==
1|1|5|1|6|u|0|_|a|1|5|1|6
1|0|2|2|9|u|0|_|a|2|2|9
1|0|1|6|2|u|0|_|a|1|6|2
1|0|2|9|9|u|0|_|a|2|9|9
1|0|5|3|1|u|0|_|a|5|3|1
1|0|3|5|6|u|0|_|a|3|5|6
1|0|3|4|7|u|0|_|a|3|4|7
1|0|2|4|0|u|0|_|a|2|4|0
1|0|2|4|2|u|0|_|a|2|4|2
1|1|1|8|9|u|0|_|a|1|1|8|9
1|0|2|6|2|u|0|_|a|2|6|2
1|1|1|8|9|u|0|_|a|1|1|8|9
1|0|3|5|6|u|0|_|a|3|5|6
1|0|3|0|3|u|0|_|a|3|0|3
1|0|2|7|2|u|0|_|a|2|7|2
1|0|4|4|5|u|0|_|a|4|4|5
1|0|5|8|2|u|0|_|a|5|8|2
1|0|3|3|2|u|0|_|a|3|3|2
1|0|6|5|4|u|0|_|a|6|5|4
1|0|7|2|2|u|0|_|a|7|2|2
1|0|2|7|8|u|0|_|a|2|7|8
1|0|3|4|7|u|0|_|a|3|4|7
